
218467
218466
218459
218436
218405
218398
218397
218396
218395
218392
218389
218347
218345
218333
218317
218307
218281
218275
218272
218237
218236
218222
218186
218162
218161
218131
218130
218107
218106
218075
218053
218051
218027
218012
218011
217985
217975
217967
217952
217951
217949
217918
217908
217895
217893
217887
217866
217824
217823
217821
217817
217813
217805
217774
217765
217693
217691
217690
217625
217529
217519
217517
217516
217461
217458
217456
217448
217442
217441
217439
217425
217410
217355
217343
217340
217339
217338
217327
217320
217319
217308
217307
217304
217303
217261
217260
217259
217254
217253
217245
217168
217167
217159
217155
217135
217119
217112
217107
217102
217087
217086
217085
217084
217083
217076
217063
217020
216976
216934
216913
216908
216873
216844
216826
216822
216806
216798
216788
216773
216714
216669
216668
216665
216661
216655
216650
216641
216638
216621
216609
216602
216563
216524
216516
216510
216470
216469
216453
216441
216408
216405
216310
216307
216305
216304
216274
216271
216262
216258
216250
216219
216215
216214
216207
216205
216204
216198
216197
216167
216161
216151
216121
216111
216093
216069
216057
216047
216031
215913
215909
215906
215904
215888
215873
215842
215841
215821
215774
215742
215706
215695
215676
215667
215666
215658
215649
215624
215622
215621
215618
215603
215565
215564
215528
215506
215501
215489
215468
215453
215384
215369
215358
215345
215324
215315
215313
215305
215304
215299
215297
215296
215255
215254
215243
215235
215198
215144
215130
215111
215110
215108
215092
215090
215089
215087
215077
215059
215048
215047
215046
215045
215034
215033
215031
215026
214997
214981
214978
214975
214959
214954
214940
214932
214929
214918
214915
214889
214883
214853
214851
214833
214826
214814
214811
214808
214792
214789
214786
214785
214770
214752
214750
214723
214721
214694
214691
214667
214665
214664
214658
214641
214640
214639
214632
214598
214582
214581
214579
214578
214577
214565
214547
214531
214528
214498
214433
214419
214415
214414
214411
214409
214395
214392
214387
214384
214383
214382
214378
214377
214363
214339
214330
214327
214323
214319
214318
214280
214276
214244
214238
214209
214202
214160
214156
214115
214114
214091
214090
214088
214067
214061
214060
214001
213986
213961
213960
213916
213913
213892
213891
213874
213872
213867
213835
213806
213785
213773
213772
213766
213754
213747
213745
213723
213720
213679
213608
213585
213575
213573
213549
213540
213534
213483
213474
213467
213398
213395
213368
213279
213272
213270
213253
213229
213227
213224
213215
213212
213203
213163
213154
213150
213136
213125
213108
213104
213098
213090
213059
213045
213042
213016
213006
212984
212968
212938
212937
212913
212904
212895
212892
212879
212875
212845
212798
212788
212779
212778
212731
212720
212706
212686
212679
212634
212633
212632
212631
212629
212613
212597
212594
212590
212552
212541
212539
212536
212532
212527
212506
212504
212503
212502
212501
212496
212480
212475
212474
212473
212471
212469
212459
212451
212407
212403
212394
212361
212360
212356
212311
212307
212299
212297
212289
212268
212249
212233
212231